770.774
770.645
770.569
770.549
770.584
770.667
770.788
770.938
771.101
771.265
771.417
771.546
771.645
771.709
771.735
771.726
771.687
771.623
771.545
771.463
771.385
771.321
771.279
771.264
771.279
771.325
771.399
771.496
771.61
771.732
771.852
771.959
772.045
772.099
772.114
772.087
772.013
771.894
771.733
771.537
771.315
771.079
770.84
770.613
770.409
770.239
770.113
770.036
770.009
770.031
770.096
770.196
770.317
770.447
770.571
770.677
770.751
770.785
770.774
770.716
770.614
770.474
770.306
770.123
769.936
769.759
769.602
769.475
769.382
769.324
769.3
769.304
769.328
769.361
769.394
769.417
769.423
769.409
769.372
769.317
769.248
769.176
769.111
769.065
769.046
769.064
769.124
769.227
769.37
769.545
769.743
769.95
770.152
770.334
770.484
770.592
770.651
770.658
770.617
770.534
770.419
770.284
770.144
770.011
769.898
769.813
769.763
769.751
769.773
769.826
769.901
769.988
770.079
770.162
770.229
770.276
770.298
770.297
770.274
770.234
770.183
770.13
770.079
770.038
770.01
769.996
769.997
770.011
770.032
770.057
770.08
770.096
770.101
770.093
770.072
770.04
769.998
769.954
769.911
769.875
769.853
769.847
769.862
769.898
769.954
770.029
770.119
770.219
770.325
770.432
770.535
770.632
770.72
770.798
770.865
770.922
770.97
771.01
771.042
771.067
771.086
771.098
771.101
771.095
771.079
771.051
771.012
770.962
770.902
770.835
770.763
770.689
770.617
770.55
770.49
770.44
770.4
770.369
770.349
770.335
770.328
770.325
770.324
770.324
770.325
770.329
770.335
770.348
770.368
770.399
770.443
770.5
770.571
770.655
770.747
770.846
770.945
771.041
771.127
771.199
771.255
771.291
771.308
771.308
771.293
771.269
771.24
771.212
771.191
771.182
771.187
771.209
771.248
771.302
771.369
771.444
771.524
771.604
771.681
771.751
771.813
771.866
771.911
771.95
771.984
772.017
772.05
772.086
772.125
772.169
772.215
772.262
772.308
772.351
772.388
772.418
772.439
772.452
772.457
772.456
772.453
772.448
772.445
772.446
772.452
772.463
772.478
772.494
772.51
772.523
772.528
772.524
772.51
772.485
772.451
772.41
772.368
772.328
772.296
772.276
772.273
772.288
772.322
772.373
772.438
772.511
772.585
772.654
772.711
772.75
772.768
772.763
772.735
772.689
772.63
772.565
772.503
772.451
772.417
772.404
772.417
772.455
772.514
772.589
772.672
772.754
772.825
772.876
772.901
772.893
772.852
772.779
772.678
772.556
772.422
772.286
772.157
772.045
771.957
771.897
771.868
771.867
771.892
771.938
771.997
772.061
772.125
772.183
772.229
772.263
772.283
772.291
772.29
772.283
772.273
772.265
772.258
772.255
772.252
772.249
772.242
772.226
772.199
772.157
772.101
772.03
771.948
771.861
771.775
771.698
771.639
771.605
771.602
771.634
771.7
771.797
771.918
772.055
772.194
772.323
772.429
772.499
772.524
772.496
772.415
772.281
772.102
771.886
771.648
771.402
771.165
770.951
