771.307
771.155
771.024
770.923
770.857
770.829
770.838
770.882
770.956
771.051
771.158
771.268
771.371
771.46
771.528
771.572
771.59
771.584
771.559
771.521
771.478
771.438
771.409
771.398
771.409
771.445
771.504
771.583
771.675
771.772
771.863
771.938
771.987
772.001
771.973
771.901
771.784
771.625
771.433
771.217
770.989
770.762
770.549
770.362
770.212
770.106
770.048
770.038
770.072
770.143
770.242
770.357
770.475
770.584
770.671
770.729
770.751
770.733
770.675
770.581
770.458
770.312
770.155
769.995
769.844
769.708
769.594
769.506
769.445
769.41
769.398
769.403
769.419
769.439
769.457
769.469
769.471
769.46
769.439
769.41
769.377
769.345
769.321
769.31
769.318
769.348
769.402
769.481
769.581
769.699
769.828
769.962
770.092
770.212
770.315
770.396
770.45
770.477
770.476
770.452
770.408
770.349
770.281
770.212
770.146
770.089
770.043
770.011
769.993
769.987
769.992
770.002
770.015
770.027
770.034
770.035
770.028
770.013
769.993
769.968
769.943
769.921
769.905
769.897
769.901
769.916
769.941
769.974
770.013
770.051
770.086
770.111
770.124
770.121
770.1
770.063
770.01
769.946
769.876
769.808
769.747
769.702
769.679
769.683
769.718
769.785
769.884
770.011
770.161
770.328
770.502
770.676
770.84
770.987
771.11
771.205
771.268
771.299
771.301
771.276
771.23
771.17
771.101
771.032
770.966
770.909
770.865
770.833
770.814
770.805
770.804
770.807
770.807
770.803
770.789
770.762
770.723
770.67
770.606
770.533
770.457
770.382
770.313
770.257
770.217
770.198
770.202
770.231
770.282
770.356
770.447
770.551
770.664
770.778
770.888
770.989
771.076
771.147
771.198
771.229
771.241
771.236
771.216
771.185
771.149
771.11
771.074
771.045
771.026
771.02
771.03
771.056
771.099
771.157
771.228
771.311
771.402
771.498
771.595
771.691
771.781
771.863
771.934
771.993
772.04
772.074
772.095
772.107
772.111
772.109
772.106
772.105
772.108
772.119
772.14
772.172
772.216
772.271
772.335
772.406
772.48
772.553
772.622
772.68
772.726
772.756
772.767
772.76
772.734
772.692
772.637
772.573
772.505
772.439
772.38
772.333
772.302
772.288
772.295
772.32
772.363
772.419
772.485
772.556
772.626
772.69
772.743
772.782
772.805
772.811
772.801
772.777
772.742
772.701
772.658
772.619
772.587
772.564
772.554
772.557
772.572
772.596
772.626
772.657
772.685
772.705
772.713
772.706
772.682
772.641
772.583
772.511
772.429
772.342
772.254
772.171
772.098
772.037
771.993
771.965
771.954
771.958
771.975
772
772.03
772.06
772.087
772.108
772.12
772.124
772.119
772.107
772.09
772.071
772.054
772.04
772.032
772.032
772.039
772.053
772.071
772.092
772.113
772.128
772.137
772.136
772.124
772.101
772.068
772.029
771.986
771.944
771.909
771.883
771.871
771.876
771.898
771.937
771.988
772.049
772.112
772.17
772.216
772.244
772.245
772.218
772.158
772.066
771.946
771.801
771.64
771.473
