771.482
771.424
771.37
771.321
771.278
771.242
771.214
771.194
771.182
771.179
771.183
771.196
771.216
771.242
771.274
771.31
771.35
771.391
771.433
771.474
771.513
771.549
771.58
771.606
771.626
771.639
771.645
771.642
771.632
771.615
771.59
771.558
771.519
771.475
771.426
771.373
771.317
771.259
771.2
771.141
771.082
771.023
770.967
770.913
770.86
770.811
770.763
770.718
770.674
770.632
770.59
770.549
770.508
770.466
770.422
770.376
770.328
770.276
770.222
770.164
770.103
770.04
769.974
769.905
769.836
769.766
769.697
769.63
769.565
769.504
769.448
769.398
769.355
769.321
769.295
769.279
769.272
769.276
769.29
769.314
769.348
769.39
769.441
769.499
769.563
769.632
769.703
769.777
769.851
769.923
769.993
770.059
770.119
770.173
770.22
770.258
770.288
770.31
770.322
770.326
770.321
770.308
770.289
770.263
770.232
770.197
770.16
770.121
770.081
770.042
770.005
769.971
769.94
769.913
769.891
769.874
769.863
769.856
769.854
769.857
769.865
769.875
769.889
769.905
769.922
769.94
769.958
769.976
769.992
770.006
770.019
770.029
770.038
770.044
770.048
770.052
770.054
770.056
770.058
770.062
770.067
770.076
770.088
770.104
770.124
770.15
770.181
770.218
770.26
770.308
770.36
770.418
770.478
770.542
770.607
770.673
770.738
770.802
770.862
770.918
770.969
771.013
771.05
771.079
771.099
771.109
771.111
771.103
771.086
771.061
771.027
770.987
770.941
770.89
770.836
770.78
770.723
770.667
770.613
770.563
770.517
770.478
770.445
770.42
770.403
770.394
770.393
770.402
770.418
770.441
770.472
770.509
770.551
770.598
770.648
770.699
770.752
770.806
770.858
770.909
770.958
771.003
771.046
771.086
771.122
771.155
771.185
771.212
771.237
771.262
771.285
771.309
771.334
771.36
771.389
771.421
771.456
771.495
771.538
771.586
771.637
771.692
771.751
771.812
771.876
771.941
772.006
772.071
772.135
772.196
772.253
772.307
772.355
772.397
772.433
772.462
772.484
772.499
772.508
772.51
772.506
772.496
772.483
772.466
772.447
772.426
772.406
772.386
772.369
772.354
772.344
772.339
772.338
772.344
772.356
772.374
772.397
772.426
772.461
772.499
772.541
772.585
772.63
772.675
772.719
772.761
772.799
772.832
772.86
772.882
772.896
772.903
772.902
772.892
772.876
772.851
772.82
772.782
772.739
772.692
772.641
772.588
772.534
772.48
772.428
772.378
772.331
772.289
772.251
772.219
772.192
772.172
772.158
772.149
772.146
772.147
772.153
772.162
772.174
772.187
772.201
772.215
772.227
772.237
772.245
772.25
772.25
772.247
772.239
772.228
772.212
772.193
772.171
772.146
772.119
772.092
772.064
772.037
772.012
771.988
771.968
771.951
771.939
771.931
771.927
771.928
771.933
771.942
771.954
771.97
771.987
772.006
772.025
772.043
772.059
772.072
772.082
772.086
772.085
772.079
772.065
772.045
772.018
771.984
771.943
771.897
771.845
771.789
771.73
771.668
771.605
771.543
