57.0698
57.0777
57.0855
57.0932
57.1007
57.108
57.1151
57.122
57.1286
57.1349
57.1409
57.1465
57.1517
57.1564
57.1608
57.1647
57.1681
57.171
57.1734
57.1753
57.1766
57.1774
57.1776
57.1773
57.1765
57.175
57.1731
57.1706
57.1676
57.164
57.1599
57.1554
57.1504
57.1449
57.139
57.1327
57.126
57.119
57.1116
57.104
57.0961
57.088
57.0796
57.0712
57.0625
57.0538
57.0451
57.0363
57.0275
57.0188
57.0101
57.0016
56.9932
56.9849
56.9769
56.9691
56.9615
56.9543
56.9473
56.9406
56.9343
56.9283
56.9227
56.9174
56.9126
56.9081
56.904
56.9003
56.8971
56.8942
56.8917
56.8896
56.8879
56.8865
56.8855
56.8848
56.8845
56.8844
56.8847
56.8852
56.8859
56.8869
56.888
56.8894
56.8908
56.8924
56.8941
56.8958
56.8976
56.8994
56.9012
56.9029
56.9046
56.9062
56.9077
56.9091
56.9103
56.9113
56.9122
56.9129
56.9134
56.9136
56.9136
56.9134
56.913
56.9122
56.9113
56.9101
56.9086
56.9069
56.9049
56.9027
56.9003
56.8977
56.8948
56.8918
56.8886
56.8853
56.8818
56.8781
56.8744
56.8706
56.8668
56.8629
56.859
56.855
56.8512
56.8473
56.8436
56.8399
56.8364
56.8329
56.8297
56.8266
56.8237
56.821
56.8185
56.8163
56.8143
56.8125
56.8111
56.8099
56.8089
56.8083
56.808
56.8079
56.8081
56.8086
56.8094
56.8104
56.8117
56.8132
56.815
56.817
56.8192
56.8216
56.8242
56.827
56.8298
56.8328
56.8359
56.8391
56.8423
56.8456
56.8489
56.8522
56.8554
56.8586
56.8617
56.8647
56.8676
56.8703
56.8729
56.8753
56.8776
56.8796
56.8814
56.883
56.8844
56.8855
56.8863
56.8869
56.8872
56.8872
56.887
56.8865
56.8858
56.8847
56.8835
56.8819
56.8802
56.8782
56.876
56.8736
56.871
56.8682
56.8653
56.8622
56.859
56.8558
56.8524
56.849
56.8456
56.8421
56.8387
56.8353
56.8319
56.8286
56.8254
56.8223
56.8194
56.8166
56.814
56.8115
56.8093
56.8073
56.8055
56.8039
56.8026
56.8015
56.8007
56.8002
56.8
56.8
56.8004
56.801
56.8019
56.803
56.8044
56.8061
56.8081
56.8102
56.8127
56.8153
56.8182
56.8212
56.8245
56.8279
56.8314
56.8351
56.8389
56.8428
56.8468
56.8508
56.8549
56.859
56.8632
56.8673
56.8714
56.8755
56.8795
56.8834
56.8872
56.891
56.8946
56.8982
56.9015
56.9048
56.9079
56.9108
56.9136
56.9163
56.9187
56.921
56.9231
56.9251
56.9269
56.9285
56.93
56.9313
56.9325
56.9335
56.9344
56.9352
56.9358
56.9364
56.9369
56.9373
56.9376
56.9379
56.9382
56.9384
56.9385
56.9387
56.9389
56.9391
56.9393
56.9395
56.9398
56.9401
56.9405
56.9409
56.9414
56.942
56.9426
56.9434
56.9442
56.9451
56.946
56.9471
56.9482
56.9494
56.9506
56.9519
56.9533
56.9547
56.9561
56.9576
56.9591
56.9606
56.9621
56.9636
56.965
56.9664
56.9678
56.9691
56.9703
56.9714
56.9725
56.9734
56.9742
56.9749
56.9754
56.9758
56.9761
56.9762
56.9761
56.9758
56.9754
56.9748
56.9741
56.9731
56.972
56.9708
56.9693
56.9678
56.966
56.9642
56.9622
56.9601
56.958
56.9557
56.9534
56.951
56.9486
56.9462
56.9438
56.9414
56.939
56.9368
56.9346
56.9325
56.9306
56.9289
56.9273
56.9259
56.9247
56.9238
56.9231
56.9227
56.9226
56.9228
56.9233
56.9242
56.9254
56.927
56.9289
56.9312
56.9338
56.9369
56.9403
56.9441
56.9482
56.9528
56.9576
56.9629
56.9684
56.9743
56.9805
56.9869
56.9937
57.0006
57.0078
57.0152
57.0227
57.0304
57.0382
57.0461
57.054
57.0619
