57.0478
57.0706
57.0928
57.1137
57.1329
57.1499
57.1644
57.1761
57.1852
57.1916
57.1955
57.1972
57.1971
57.1957
57.1934
57.1906
57.1878
57.1852
57.1833
57.182
57.1815
57.1818
57.1827
57.1839
57.1852
57.1861
57.1865
57.1858
57.1837
57.1801
57.1746
57.1673
57.1581
57.1473
57.1349
57.1214
57.1072
57.0927
57.0785
57.0649
57.0525
57.0416
57.0326
57.0256
57.0208
57.018
57.0172
57.0179
57.02
57.0227
57.0258
57.0285
57.0304
57.031
57.0298
57.0265
57.0208
57.0127
57.0023
56.9895
56.9748
56.9585
56.9411
56.9231
56.9052
56.8878
56.8715
56.8569
56.8444
56.8343
56.8268
56.8221
56.8201
56.8208
56.8239
56.8291
56.8361
56.8445
56.8539
56.8638
56.874
56.884
56.8936
56.9025
56.9107
56.9179
56.9242
56.9297
56.9343
56.9383
56.9416
56.9445
56.9469
56.949
56.9509
56.9525
56.9537
56.9546
56.955
56.9548
56.9538
56.952
56.9492
56.9454
56.9405
56.9345
56.9274
56.9195
56.9107
56.9014
56.8917
56.8818
56.872
56.8626
56.8538
56.8457
56.8386
56.8326
56.8277
56.8239
56.8212
56.8196
56.8188
56.8188
56.8195
56.8205
56.8219
56.8234
56.825
56.8266
56.828
56.8293
56.8306
56.8317
56.8328
56.8339
56.8351
56.8364
56.8378
56.8394
56.841
56.8426
56.8441
56.8454
56.8464
56.8468
56.8467
56.8459
56.8443
56.8419
56.8387
56.8347
56.8302
56.8253
56.8202
56.8152
56.8107
56.8068
56.8041
56.8026
56.8027
56.8044
56.808
56.8134
56.8204
56.829
56.8388
56.8495
56.8607
56.872
56.8829
56.893
56.9017
56.9089
56.9142
56.9173
56.9183
56.9171
56.9138
56.9088
56.9023
56.8947
56.8864
56.878
56.8698
56.8623
56.8559
56.8508
56.8472
56.8452
56.8448
56.8458
56.8479
56.851
56.8546
56.8582
56.8614
56.8639
56.8653
56.8653
56.8636
56.8602
56.8552
56.8486
56.8407
56.8318
56.8225
56.813
56.804
56.7959
56.7892
56.7842
56.7813
56.7806
56.7823
56.7861
56.7921
56.7998
56.8088
56.8187
56.829
56.8391
56.8484
56.8565
56.8629
56.8674
56.8697
56.8696
56.8674
56.8631
56.8571
56.8496
56.8413
56.8326
56.824
56.8161
56.8094
56.8042
56.8008
56.7996
56.8005
56.8035
56.8085
56.8152
56.8232
56.8322
56.8417
56.8513
56.8604
56.8687
56.8759
56.8817
56.886
56.8887
56.89
56.8899
56.8889
56.8871
56.8849
56.8829
56.8813
56.8805
56.8809
56.8827
56.886
56.8909
56.8974
56.9053
56.9143
56.9243
56.9347
56.9453
56.9555
56.9651
56.9735
56.9806
56.9861
56.9898
56.9916
56.9915
56.9897
56.9863
56.9816
56.9758
56.9692
56.9623
56.9553
56.9486
56.9423
56.9368
56.9321
56.9285
56.9258
56.9241
56.9234
56.9235
56.9243
56.9257
56.9275
56.9296
56.9319
56.9343
56.9367
56.9391
56.9416
56.9441
56.9466
56.9493
56.9522
56.9552
56.9585
56.962
56.9656
56.9694
56.9731
56.9768
56.9802
56.9832
56.9857
56.9875
56.9884
56.9885
56.9877
56.986
56.9833
56.9798
56.9757
56.9711
56.9662
56.9612
56.9563
56.9517
56.9477
56.9442
56.9415
56.9397
56.9386
56.9383
56.9386
56.9395
56.9408
56.9422
56.9438
56.9452
56.9463
56.9471
56.9475
56.9474
56.947
56.9462
56.9453
56.9445
56.9437
56.9434
56.9435
56.9444
56.9459
56.9483
56.9515
56.9553
56.9597
56.9644
56.9692
56.9737
56.9777
56.9808
56.9828
56.9833
56.9823
56.9797
56.9754
56.9695
56.9623
56.9541
56.9453
56.9364
56.9279
56.9203
56.9142
56.9101
56.9085
56.9098
56.9141
56.9216
56.9324
56.9462
56.9629
56.9819
57.0028
57.0249
