57.055
57.0893
57.1225
57.1533
57.1805
57.2031
57.2203
57.2318
57.2375
57.2376
57.2326
57.2236
57.2114
57.1974
57.1828
57.1688
57.1568
57.1475
57.1417
57.1398
57.1418
57.1476
57.1564
57.1676
57.1799
57.1924
57.2036
57.2125
57.2181
57.2194
57.216
57.2076
57.1942
57.1762
57.1545
57.1299
57.1035
57.0768
57.0509
57.0271
57.0066
56.9901
56.9784
56.9718
56.9702
56.9734
56.9807
56.9912
57.004
57.0177
57.0313
57.0435
57.0533
57.0598
57.0624
57.0606
57.0544
57.0439
57.0295
57.0118
56.9916
56.9699
56.9475
56.9253
56.9044
56.8853
56.8687
56.8549
56.8443
56.8368
56.8323
56.8306
56.8313
56.834
56.8381
56.8433
56.8491
56.8553
56.8615
56.8675
56.8734
56.879
56.8846
56.8901
56.8956
56.9013
56.9073
56.9135
56.9199
56.9264
56.9328
56.9389
56.9446
56.9494
56.9532
56.9557
56.9569
56.9565
56.9546
56.9512
56.9464
56.9406
56.9339
56.9266
56.919
56.9115
56.9043
56.8977
56.8917
56.8865
56.8821
56.8785
56.8754
56.8727
56.8703
56.8679
56.8654
56.8626
56.8593
56.8556
56.8515
56.8471
56.8424
56.8377
56.8333
56.8292
56.8259
56.8233
56.8217
56.8212
56.8217
56.8232
56.8255
56.8285
56.8319
56.8354
56.8387
56.8416
56.8438
56.8452
56.8456
56.8449
56.8432
56.8406
56.8371
56.8331
56.8286
56.8241
56.8196
56.8155
56.8119
56.809
56.8069
56.8057
56.8053
56.8057
56.8069
56.8088
56.8112
56.8141
56.8173
56.821
56.8249
56.8292
56.8338
56.8389
56.8443
56.8502
56.8567
56.8635
56.8708
56.8784
56.8861
56.8938
56.9012
56.908
56.9139
56.9188
56.9223
56.9242
56.9245
56.923
56.9197
56.9149
56.9086
56.9012
56.8928
56.884
56.875
56.8663
56.8581
56.8506
56.8442
56.8389
56.8348
56.8317
56.8296
56.8283
56.8275
56.827
56.8265
56.8257
56.8246
56.8229
56.8206
56.8177
56.8144
56.8108
56.807
56.8035
56.8005
56.7982
56.7969
56.7967
56.7978
56.8002
56.8039
56.8087
56.8143
56.8206
56.8271
56.8336
56.8397
56.845
56.8494
56.8527
56.8546
56.8553
56.8548
56.8532
56.8507
56.8477
56.8445
56.8412
56.8383
56.8359
56.8343
56.8336
56.8337
56.8348
56.8367
56.8391
56.842
56.8451
56.8481
56.8508
56.8531
56.8547
56.8558
56.8561
56.8559
56.8553
56.8544
56.8534
56.8527
56.8524
56.8529
56.8542
56.8565
56.86
56.8646
56.8703
56.877
56.8846
56.8928
56.9014
56.9103
56.9191
56.9277
56.9359
56.9435
56.9505
56.9567
56.9622
56.9669
56.9708
56.974
56.9766
56.9785
56.9799
56.9807
56.9808
56.9804
56.9794
56.9777
56.9754
56.9725
56.969
56.9649
56.9604
56.9555
56.9506
56.9456
56.9409
56.9366
56.933
56.9301
56.9282
56.9273
56.9275
56.9287
56.9308
56.9337
56.9372
56.9411
56.9452
56.9491
56.9528
56.956
56.9585
56.9604
56.9616
56.9621
56.962
56.9615
56.9607
56.9599
56.9592
56.9587
56.9586
56.9591
56.96
56.9613
56.963
56.965
56.9669
56.9688
56.9702
56.9712
56.9714
56.9709
56.9696
56.9676
56.9649
56.9616
56.9581
56.9545
56.9511
56.9481
56.9457
56.9441
56.9433
56.9434
56.9444
56.946
56.9482
56.9508
56.9533
56.9557
56.9577
56.9591
56.9599
56.9599
56.9592
56.9579
56.9564
56.9546
56.9531
56.952
56.9515
56.9519
56.9533
56.9557
56.9589
56.9627
56.9668
56.9708
56.9742
56.9765
56.9773
56.9763
56.973
56.9674
56.9596
56.9497
56.9383
56.9259
56.9134
56.9015
56.8914
56.8839
56.88
56.8804
56.8857
56.8963
56.9123
56.9334
56.9591
56.9886
57.021
